193,109,380,231,1.000000
194,108,381,230,0.999553
194,108,381,230,0.978298
194,108,381,230,0.984675
194,108,381,230,0.989846
194,108,381,230,0.994927
195,108,382,230,0.990640
195,108,382,230,0.994936
195,108,382,230,0.998012
195,108,382,230,0.998722
195,108,382,230,0.994520
195,108,382,230,0.985685
194,107,381,229,0.993303
193,106,380,228,0.998537
193,106,380,228,0.992539
193,106,380,228,0.990994
193,106,380,228,0.981239
193,106,379,228,0.973202
193,106,379,228,0.946996
193,106,379,228,0.935246
193,106,379,228,0.952607
194,106,380,228,0.939975
194,106,380,228,0.939392
194,106,380,228,0.937776
194,106,380,228,0.923422
194,106,380,228,0.918396
194,106,380,228,0.905669
194,106,380,228,0.886065
194,105,380,227,0.893397
194,103,380,225,0.885992
194,102,380,224,0.917483
193,100,379,222,0.927527
192,99,378,221,0.916882
191,98,377,220,0.924431
190,97,376,219,0.929007
189,96,375,218,0.927897
189,95,375,217,0.914753
190,94,376,216,0.892729
192,93,378,215,0.865249
193,92,379,214,0.834003
194,92,380,214,0.796902
195,90,381,212,0.781265
195,89,381,211,0.766369
194,88,380,210,0.740537
193,87,379,209,0.724450
192,86,378,208,0.710410
191,86,377,208,0.699583
189,86,375,208,0.685094
187,85,373,207,0.675214
186,84,372,206,0.671701
185,84,371,206,0.666344
184,84,370,206,0.666751
182,84,368,206,0.659778
180,84,366,206,0.651129
178,84,364,206,0.641330
175,84,361,206,0.625816
173,83,359,205,0.606660
172,83,358,205,0.612455
171,83,357,205,0.609195
171,82,357,204,0.608389
171,81,357,203,0.607414
170,80,356,202,0.599877
169,80,355,202,0.599045
167,78,353,200,0.602725
166,76,353,199,0.592334
166,75,353,198,0.597080
166,75,353,198,0.599131
166,75,353,198,0.595063
166,74,353,197,0.594971
166,73,354,197,0.600761
166,74,354,198,0.605350
167,73,355,197,0.596089
167,73,355,197,0.593503
167,74,355,198,0.596110
165,75,354,199,0.602303
162,76,352,201,0.608698
160,78,350,202,0.621151
159,78,349,202,0.613644
158,76,349,201,0.608639
158,75,349,200,0.609118
158,74,350,199,0.611145
158,73,350,199,0.608027
158,71,352,198,0.594761
157,70,354,199,0.593491
157,70,355,200,0.582962
157,71,356,202,0.564728
157,71,357,203,0.910501
158,71,360,204,0.912180
160,72,362,204,0.969667
161,73,364,205,0.970658
161,76,363,208,0.964895
161,78,360,208,0.962938
161,79,357,207,0.927777
160,80,355,208,0.889609
156,81,356,211,0.866752
155,81,356,211,0.925769
157,79,356,208,0.928363
159,78,355,206,0.908082
160,79,354,206,0.814984
160,80,355,207,0.805254
156,81,356,211,0.821251
154,82,357,214,0.866792
153,82,357,215,0.873809
152,82,357,216,0.896425
151,82,356,216,0.874340
153,82,356,215,0.853133
153,82,359,217,0.815197
154,82,361,218,0.848021
155,84,361,219,0.867929
155,87,359,220,0.809595
152,86,359,220,0.749611
150,84,361,221,0.742190
145,82,361,222,0.765124
141,81,360,223,0.779428
138,78,360,222,0.772445
133,79,357,224,0.774256
128,79,353,225,0.757784
125,75,351,222,0.758180
122,73,350,221,0.737758
123,73,352,221,0.744798
122,70,350,218,0.760524
119,67,349,217,0.744204
118,64,347,214,0.792260
116,59,345,209,0.768237
112,55,345,208,0.750689
112,52,346,205,0.779222
112,50,347,204,0.762897
114,47,349,201,0.777691
115,44,352,199,0.761782
115,42,352,197,0.753507
116,41,354,197,0.752716
115,41,353,197,0.760247
116,39,355,196,0.755658
115,36,356,193,0.738243
113,35,353,192,0.721607
111,34,354,193,0.710134
108,34,351,193,0.715580
104,32,349,192,0.717005
103,31,348,191,0.715917
102,30,347,191,0.705083
100,28,346,190,0.695713
98,30,342,190,0.688998
98,32,340,190,0.666534
98,32,341,191,0.658072
99,34,343,194,0.639299
102,38,344,196,0.635096
101,40,345,199,0.645352
100,42,345,202,0.661727
98,45,343,205,0.641950
96,47,344,209,0.616813
101,53,347,214,0.618612
103,57,349,218,0.619576
104,60,351,222,0.624904
107,61,351,222,0.619147
109,62,352,222,0.600479
113,63,353,221,0.596998
116,63,357,221,0.603930
115,63,358,221,0.625614
116,64,358,222,0.624538
117,64,360,222,0.599760
117,64,360,222,0.606815
117,63,359,221,0.602450
116,62,358,220,0.588539
115,60,359,219,0.582487
114,59,361,220,0.599947
114,59,360,220,0.599923
112,60,358,221,0.599600
113,64,355,222,0.581356
111,64,354,222,0.566701
112,65,354,222,0.558104
110,65,350,221,0.553852
108,65,350,223,0.548402
109,67,352,225,0.551256
111,67,355,226,0.553517
110,65,359,227,0.555334
111,65,360,227,0.567670
114,64,363,226,0.571063
117,64,364,225,0.587554
119,64,368,227,0.592943
117,66,369,231,0.604008
114,68,370,236,0.593450
113,71,367,238,0.576467
111,72,365,239,0.559234
110,74,363,240,0.561093
107,73,362,240,0.553260
108,73,362,239,0.554407
109,75,363,241,0.556917
108,74,364,242,0.554995
106,74,365,244,0.563274
105,74,365,244,0.574712
106,73,366,243,0.571496
109,74,369,244,0.582596
111,74,367,241,0.588399
110,70,371,241,0.575626
111,69,370,239,0.586077
114,70,369,237,0.569826
114,67,371,235,0.553069
115,65,375,235,0.560595
117,63,376,232,0.569142
116,62,378,233,0.568485
120,62,375,228,0.590042
124,62,375,225,0.586291
127,60,376,222,0.574175
126,58,377,221,0.592696
128,59,378,222,0.614171
134,62,378,222,0.608131
132,60,378,222,0.608241
131,58,379,221,0.646074
133,58,379,220,0.668392
136,58,382,220,0.670402
139,60,384,221,0.662004
138,60,385,222,0.649846
141,61,388,223,0.665069
142,62,389,224,0.666631
142,61,389,223,0.674507
144,60,390,221,0.682144
147,61,390,220,0.670673
151,62,391,219,0.655540
151,62,391,219,0.637985
147,59,390,218,0.625312
146,60,389,218,0.621280
147,60,387,216,0.612354
147,60,385,215,0.613302
147,61,383,214,0.608553
147,61,381,213,0.613470
147,61,379,212,0.621018
147,60,378,210,0.622183
148,59,377,209,0.603903
148,58,376,208,0.594679
147,57,374,207,0.590427
147,57,373,206,0.582935
148,57,373,205,0.570289
149,58,373,205,0.560043
151,58,374,204,0.555005
154,57,376,202,0.542790
156,56,377,200,0.534391
157,56,377,200,0.525705
158,58,378,202,0.535192
160,61,380,205,0.537430
162,64,381,207,0.532718
162,66,381,209,0.531997
159,66,378,209,0.531667
156,67,375,210,0.541679
152,70,371,213,0.543580
150,71,367,213,0.543597
145,73,364,216,0.542142
142,73,361,217,0.553776
141,73,361,217,0.550146
142,74,360,217,0.570300
144,76,358,216,0.577616
144,73,358,213,0.576210
144,70,358,210,0.580560
144,69,360,210,0.585225
144,67,361,209,0.588883
144,64,362,207,0.601485
144,61,363,205,0.604851
145,60,365,204,0.601733
145,59,366,203,0.615327
148,58,366,199,0.632029
150,58,367,199,0.635981
150,58,366,199,0.649904
149,59,367,201,0.666982
148,60,367,203,0.687596
147,61,367,205,0.669131
147,61,368,205,0.673875
148,60,370,204,0.680062
149,62,371,206,0.703877
150,63,372,207,0.698397
150,63,370,206,0.692402
150,63,368,205,0.693297
151,63,368,204,0.677831
150,61,368,203,0.700873
150,58,369,201,0.715802
150,57,370,201,0.712777
151,59,369,202,0.697896
152,60,371,203,0.735155
151,60,370,203,0.735188
152,58,372,202,0.743451
152,59,370,201,0.720979
149,58,369,201,0.705934
149,59,369,202,0.705422
150,58,370,201,0.701147
150,58,370,201,0.695248
153,58,371,200,0.705892
158,60,375,201,0.740851
161,62,377,202,0.726312
161,64,378,205,0.737898
163,64,381,206,0.737349
165,64,384,206,0.718597
168,66,383,205,0.718936
171,64,384,202,0.722937
173,64,385,201,0.723643
175,64,387,201,0.729107
176,64,390,202,0.742732
176,64,392,203,0.736570
176,64,393,204,0.705210
175,64,392,205,0.710867
174,63,392,205,0.709463
172,61,390,203,0.697588
170,59,388,201,0.683448
168,57,387,199,0.677884
165,56,385,199,0.658059
162,58,383,202,0.645582
161,59,383,203,0.649756
160,62,382,206,0.653156
160,64,381,208,0.650402
159,66,377,208,0.647249
159,65,376,207,0.675556
158,64,376,206,0.674107
157,63,376,205,0.662144
158,63,379,206,0.643089
159,64,381,208,0.642335
161,64,383,208,0.633788
163,66,384,210,0.629151
162,68,383,212,0.630176
161,68,383,212,0.645479
161,66,384,210,0.636611
161,65,384,209,0.629359
161,63,384,207,0.615933
161,61,384,205,0.613871
161,60,384,204,0.613193
161,58,384,202,0.620161
160,54,384,198,0.622532
161,52,385,196,0.611381
161,49,386,193,0.619494
162,46,387,190,0.623906
163,44,388,188,0.620142
164,46,389,190,0.618264
163,49,387,193,0.626779
163,51,387,195,0.612165
162,52,386,196,0.618539
162,54,386,198,0.618342
160,54,384,198,0.626687
159,55,383,199,0.619215
157,56,381,200,0.615233
156,56,380,200,0.614680
155,55,379,199,0.607769
153,52,378,196,0.616181
152,50,377,195,0.621728
152,50,377,195,0.616481
151,48,377,193,0.624681
150,46,376,191,0.623420
149,45,375,190,0.624447
148,44,374,189,0.615993
148,43,374,188,0.613373
148,44,374,189,0.606486
149,44,375,189,0.598342
152,43,378,188,0.611832
155,41,381,186,0.614437
156,41,382,186,0.610581
158,40,384,185,0.614284
159,39,384,184,0.616731
160,39,385,184,0.615792
162,38,386,183,0.621319
163,36,387,181,0.617902
163,36,387,181,0.621571
163,35,387,180,0.625822
162,33,386,178,0.628831
161,32,385,177,0.621178
161,32,385,177,0.615085
163,32,386,177,0.612011
164,31,387,176,0.613068
166,32,389,177,0.612668
166,31,389,176,0.610614
166,31,388,175,0.602427
165,31,387,175,0.596874
165,34,387,178,0.597433
167,36,387,178,0.608710
171,38,385,176,0.604723
169,39,384,178,0.609602
174,41,384,177,0.614410
179,43,384,175,0.609712
178,43,380,174,0.604737
175,40,377,171,0.602673
171,38,372,169,0.604797
170,42,370,173,0.602495
168,46,368,177,0.603642
168,51,366,180,0.597559
169,56,368,186,0.594486
171,59,368,187,0.614183
172,62,366,188,0.614797
175,65,367,189,0.609515
177,66,367,189,0.612896
180,67,369,190,0.600403
183,66,371,188,0.595966
184,66,371,187,0.593607
183,65,370,186,0.596566
183,65,370,186,0.591414
186,63,372,184,0.606873
187,58,373,179,0.602426
188,56,375,177,0.593110
191,56,378,177,0.600924
194,57,380,178,0.602297
198,57,384,178,0.590171
199,58,384,178,0.598235
199,58,384,178,0.597250
200,59,384,179,0.602431
199,62,383,182,0.607287
198,66,381,186,0.609031
202,70,385,190,0.606778
207,74,389,193,0.612885
213,75,392,192,0.614036
216,74,393,189,0.609914
218,76,393,190,0.606471
221,77,390,187,0.609095
222,74,391,184,0.598925
220,73,392,185,0.605462
217,77,387,188,0.610730
214,77,382,187,0.609343
212,81,380,191,0.608105
211,87,379,197,0.610178
212,90,378,198,0.606601
213,92,378,200,0.598068
212,96,377,205,0.601071
213,96,376,203,0.610399
214,95,376,201,0.613819
214,98,376,203,0.614508
212,102,374,207,0.609350
208,107,373,214,0.605593
203,111,369,219,0.613708
199,114,367,224,0.620178
199,115,366,224,0.621846
199,116,367,226,0.622354
200,118,368,228,0.626150
198,120,363,228,0.622882
192,119,360,229,0.617859
189,121,355,230,0.623828
188,122,353,230,0.622685
189,123,353,230,0.622397
187,126,354,235,0.619067
186,129,354,238,0.618638
184,129,352,238,0.617048
184,130,350,238,0.619889
185,131,349,238,0.615764
185,130,349,237,0.611412
186,129,351,236,0.611723
190,129,352,235,0.609206
192,128,352,233,0.603637
192,126,350,230,0.600765
190,122,347,225,0.602438
188,119,346,223,0.598187
186,115,346,220,0.607882
185,113,347,219,0.610636
185,113,345,218,0.612393
185,112,344,216,0.600681
186,113,344,217,0.604331
188,113,345,217,0.595428
190,112,346,215,0.595237
189,112,345,215,0.593673
187,114,342,217,0.582836
186,116,340,219,0.577149
186,118,339,220,0.578963
188,119,340,221,0.582590
191,121,343,222,0.581613
196,123,348,223,0.587345
203,126,352,223,0.583905
205,128,353,225,0.589550
207,131,355,228,0.582332
212,134,357,230,0.582976
215,136,361,233,0.576829
218,138,364,235,0.582362
220,140,366,236,0.586915
223,142,367,237,0.585522
225,143,368,237,0.585293
227,145,368,237,0.596086
227,147,369,240,0.595323
227,147,369,240,0.587071
228,146,370,239,0.578155
230,146,372,239,0.563147
232,145,373,237,0.578003
234,145,374,236,0.579482
236,146,374,236,0.582323
237,149,374,239,0.576016
236,149,374,240,0.576420
237,149,373,239,0.575415
238,149,373,238,0.576732
239,149,373,237,0.577073
240,149,373,237,0.581687
239,149,371,237,0.581809
239,147,371,235,0.580945
239,145,371,233,0.581663
239,145,371,233,0.579269
240,144,372,232,0.581597
240,143,372,231,0.580314
240,143,372,231,0.579475
240,143,372,231,0.580447
240,141,372,229,0.580226
240,140,372,228,0.581945
241,138,373,226,0.582791
241,138,373,226,0.583816
242,137,374,225,0.585660
242,136,374,224,0.584937
241,136,373,224,0.584028
240,136,372,224,0.582840
240,136,372,224,0.579563
240,136,372,224,0.579401
240,134,372,222,0.576653
241,133,373,221,0.579850
242,133,374,221,0.577670
242,132,374,220,0.584312
242,130,374,218,0.584788
240,128,372,216,0.585349
240,126,372,214,0.584203
240,123,372,211,0.584775
240,120,372,207,0.583246
239,117,371,204,0.583082
237,115,369,202,0.577880
235,111,367,198,0.578052
234,107,366,194,0.572583
231,104,365,192,0.572572
228,99,365,189,0.575885
227,95,364,185,0.582932
223,89,362,180,0.584040
217,85,359,177,0.585896
213,81,356,174,0.582414
209,78,354,173,0.590186
204,77,351,173,0.590965
202,77,349,173,0.586814
198,77,347,175,0.597281
193,77,345,177,0.601044
189,81,342,182,0.603880
185,86,340,188,0.603817
184,93,340,196,0.597086
183,103,340,206,0.596883
179,108,337,212,0.591537
176,109,334,213,0.594803
174,110,332,214,0.599369
172,112,331,216,0.598670
168,115,327,219,0.600541
164,119,323,223,0.621713
160,117,320,222,0.638957
154,112,316,218,0.650131
152,111,316,218,0.658389
151,111,317,220,0.645654
151,109,318,219,0.648005
148,108,320,221,0.625040
149,109,322,223,0.619621
149,110,322,224,0.622936
149,111,323,225,0.621354
150,111,325,225,0.629857
152,113,327,227,0.639194
153,114,329,229,0.641174
153,113,330,229,0.645804
153,112,332,229,0.642570
155,112,335,230,0.652372
160,110,340,228,0.645534
164,109,345,227,0.641521
164,107,346,226,0.635405
163,105,345,224,0.650030
160,105,342,223,0.660326
157,106,340,225,0.677012
156,107,337,225,0.646968
156,107,336,224,0.624850
154,108,336,226,0.633775
154,109,337,227,0.622031
155,111,338,229,0.609017
153,112,337,231,0.599603
150,114,334,233,0.581355
149,114,333,233,0.566322
147,112,332,231,0.559383
145,110,331,230,0.543293
146,109,331,229,0.535507
146,108,332,229,0.533120
146,110,333,232,0.537425
146,113,334,235,0.531389
146,115,335,238,0.527172
148,117,339,241,0.527250
151,120,342,244,0.526130
152,121,343,245,0.527646
153,120,345,244,0.519894
153,121,346,246,0.523311
154,123,346,248,0.517936
153,123,345,248,0.517245
152,122,344,247,0.509977
151,123,343,248,0.506261
149,123,341,248,0.500321
148,124,340,249,0.497031
147,125,339,250,0.493506
147,126,340,252,0.492342
150,129,344,256,0.489669
155,130,348,256,0.474646
157,129,350,255,0.465346
157,130,351,257,0.463179
157,131,351,258,0.459120
156,130,349,256,0.455310
156,129,349,255,0.455941
158,127,350,253,0.454144
160,125,351,250,0.458035
160,122,351,247,0.466155
158,119,349,244,0.473031
156,115,347,240,0.482266
156,113,346,238,0.487198
156,112,347,237,0.489750
157,113,348,238,0.492882
161,113,351,237,0.495846
165,113,355,237,0.497774
169,113,359,237,0.498550
172,113,362,237,0.498524
172,113,362,237,0.498689
171,113,360,237,0.499555
170,111,359,235,0.498268
171,110,360,234,0.496956
170,110,359,234,0.496013
169,111,358,235,0.495681
168,112,357,236,0.494949
167,113,357,237,0.495055
167,115,357,239,0.499200
169,117,359,241,0.504830
173,118,362,241,0.511250
177,117,365,240,0.512296
179,115,367,238,0.514800
179,114,367,237,0.515646
178,112,365,235,0.510411
179,111,365,233,0.513774
180,109,365,230,0.515066
179,106,364,227,0.514763
180,102,364,222,0.506629
184,97,368,217,0.499555
189,94,373,214,0.494029
188,91,373,211,0.495912
187,91,372,211,0.499436
187,92,371,211,0.497785
189,92,372,210,0.495205
191,93,374,211,0.494560
194,94,377,212,0.489883
196,95,379,213,0.488135
197,96,379,214,0.488650
197,98,379,216,0.487731
197,99,379,217,0.487249
198,101,379,219,0.486773
200,102,380,219,0.483982
201,101,380,218,0.483000
200,101,379,218,0.485027
198,103,376,220,0.485122
196,105,373,221,0.485104
194,107,371,223,0.487507
193,109,370,225,0.487128
194,110,370,226,0.483856
197,110,372,225,0.483892
198,109,373,224,0.483878
198,109,372,224,0.494222
195,109,368,223,0.497376
193,109,366,223,0.496724
194,109,366,222,0.497594
196,107,367,219,0.498517
198,105,369,217,0.499930
201,104,371,215,0.504273
204,101,373,211,0.505302
206,98,374,207,0.504176
207,97,375,206,0.500484
207,97,374,206,0.499653
207,97,374,206,0.494808
208,99,374,208,0.494107
209,101,374,210,0.494231
210,103,375,212,0.494063
211,104,375,212,0.493506
211,104,374,211,0.492654
211,104,373,211,0.495151
211,103,373,210,0.496362
212,102,373,208,0.496474
213,100,373,206,0.494910
215,98,375,204,0.494676
216,97,375,202,0.496380
216,95,375,200,0.499772
216,93,375,198,0.499484
216,91,374,196,0.500058
216,89,374,194,0.502936
217,87,375,192,0.500251
219,87,377,192,0.500952
221,86,379,191,0.502367
223,85,380,190,0.504039
223,83,380,188,0.502181
223,82,380,187,0.503452
222,81,379,186,0.503490
221,81,377,186,0.510770
220,81,376,186,0.511578
219,82,375,187,0.509355
218,84,374,189,0.510879
217,85,373,190,0.509358
217,85,373,190,0.502447
217,85,373,190,0.502200
217,85,373,190,0.499770
216,85,372,190,0.496554
215,85,371,190,0.498637
215,85,371,190,0.500702
215,85,371,190,0.499845
214,85,370,190,0.500807
212,86,367,191,0.500178
211,88,366,193,0.503310
210,89,365,194,0.505672
209,89,364,194,0.507397
209,89,364,194,0.509020
209,89,364,194,0.513029
209,88,364,193,0.511760
208,88,363,193,0.513011
207,88,362,193,0.511657
206,88,361,193,0.510466
206,88,361,193,0.506794
205,89,360,194,0.507753
204,90,359,195,0.510310
203,91,358,196,0.508982
202,92,357,197,0.506726
201,93,356,198,0.506961
201,94,356,199,0.504848
202,96,357,201,0.507605
202,97,357,202,0.509535
202,98,357,203,0.509748
202,99,357,204,0.511695
203,99,358,204,0.511491
204,99,359,204,0.511220
204,98,359,203,0.509545
204,97,359,202,0.509864
204,96,359,201,0.511436
205,95,360,200,0.509394
206,95,361,200,0.510874
207,95,362,200,0.512511
207,93,362,198,0.509808
206,91,361,196,0.508031
204,90,359,195,0.509708
202,90,357,195,0.511950
200,90,355,195,0.510071
200,90,355,195,0.509506
201,90,356,195,0.512961
202,90,357,195,0.512723
204,90,359,195,0.506808
206,91,361,196,0.500099
206,91,361,196,0.491791
205,90,360,195,0.484103
207,89,362,194,0.471838
208,89,363,194,0.464610
208,89,363,194,0.456423
208,89,363,194,0.457850
209,89,364,194,0.460316
209,88,364,193,0.459934
209,86,364,191,0.460893
211,85,366,190,0.462569
214,85,369,190,0.467823
217,86,372,191,0.471645
219,87,374,192,0.477858
220,88,375,193,0.483204
221,88,376,193,0.483963
222,88,377,193,0.482506
223,89,378,194,0.481762
223,90,378,195,0.485978
223,91,378,196,0.483536
222,93,377,198,0.484171
221,95,376,200,0.485886
219,97,374,202,0.485664
217,100,372,205,0.484698
217,102,372,207,0.482422
218,105,373,210,0.483268
219,108,375,213,0.481161
220,110,376,215,0.481239
219,111,376,216,0.480365
218,112,375,217,0.480679
217,112,374,217,0.477788
216,113,373,218,0.480750
216,114,373,219,0.483130
216,115,373,220,0.480992
216,117,373,222,0.483823
216,117,373,222,0.485941
216,115,373,220,0.486022
216,113,373,218,0.487077
215,113,372,218,0.500240
213,113,370,218,0.505016
211,112,368,217,0.505854
209,111,366,216,0.510668
208,109,365,214,0.514508
209,107,366,212,0.513828
209,106,366,211,0.518604
208,106,365,211,0.518452
206,106,362,211,0.520025
204,106,360,211,0.523920
202,106,358,211,0.526041
201,106,356,210,0.525053
201,105,356,209,0.527568
201,103,356,207,0.528046
201,102,355,206,0.527788
201,101,355,205,0.529323
200,99,354,203,0.531034
199,97,353,201,0.531535
198,96,352,200,0.531608
198,95,352,199,0.529816
198,95,352,199,0.531281
198,95,352,199,0.529884
199,95,353,199,0.530172
199,95,353,199,0.529737
199,95,353,199,0.530820
199,95,353,199,0.528927
199,96,353,200,0.529725
198,96,352,200,0.528340
196,97,350,201,0.528105
194,98,348,202,0.527532
193,98,347,202,0.528416
192,98,346,202,0.526718
192,99,346,203,0.527089
192,99,346,203,0.526294
192,99,346,203,0.525414
193,99,347,203,0.525820
193,99,347,203,0.524949
193,99,347,203,0.522460
194,100,348,204,0.523495
194,100,348,204,0.524721
193,99,347,203,0.522688
193,98,347,202,0.522568
193,96,347,200,0.521266
194,94,348,198,0.521898
195,90,349,194,0.520696
197,86,352,190,0.520585
201,84,356,188,0.519941
205,82,361,186,0.517790
206,81,363,185,0.517021
207,82,364,186,0.516118
208,84,365,188,0.515035
207,86,364,190,0.514504
206,88,363,192,0.512082
205,90,362,194,0.508850
204,92,361,196,0.506485
202,94,359,198,0.504780
200,96,357,200,0.502910
198,97,355,201,0.503529
196,96,354,200,0.502678
194,94,353,198,0.500554
192,93,352,198,0.500496
191,93,352,198,0.499738
190,94,352,200,0.496541
191,96,354,202,0.495445
192,99,356,205,0.494372
191,101,356,208,0.491988
190,103,356,211,0.490170
191,107,357,215,0.486026
191,109,357,217,0.483904
189,112,356,221,0.485972
186,114,354,224,0.484627
185,114,353,224,0.482211
184,112,354,223,0.482528
186,111,357,222,0.481772
189,110,361,221,0.479751
191,110,363,221,0.478170
190,109,362,220,0.476901
189,109,361,220,0.477896
189,109,362,220,0.479678
190,108,363,219,0.479359
192,108,366,220,0.482996
195,109,369,221,0.484399
197,109,371,221,0.482339
198,109,372,221,0.481635
198,109,372,221,0.482361
197,109,370,220,0.478494
195,109,368,220,0.477682
192,109,365,220,0.476648
190,110,363,221,0.476985
188,111,361,222,0.476699
185,110,358,221,0.474977
182,109,355,220,0.475101
178,108,351,219,0.473910
174,106,347,217,0.471735
171,104,345,216,0.470853
170,103,344,215,0.468517
170,101,345,213,0.467165
172,100,347,212,0.465333
175,99,350,211,0.461832
178,99,353,211,0.459034
180,99,355,211,0.456180
181,100,356,212,0.454153
181,100,356,212,0.450890
182,100,356,212,0.447127
182,100,356,212,0.447490
182,100,356,212,0.447582
183,101,357,213,0.446544
183,101,357,213,0.444876
182,101,356,213,0.441929
180,101,354,213,0.439346
178,101,352,213,0.436649
175,101,349,213,0.435619
171,101,345,213,0.435786
167,100,341,212,0.432605
163,100,337,212,0.432778
160,100,334,212,0.433674
156,99,330,211,0.433408
153,98,327,210,0.433311
151,97,325,209,0.433413
150,97,324,209,0.435832
149,97,323,209,0.437571
148,98,322,210,0.440493
148,99,321,211,0.442040
147,100,320,212,0.444209
147,102,320,214,0.449145
146,103,318,215,0.451168
145,103,317,215,0.455593
144,104,316,216,0.460202
144,105,316,217,0.465463
144,105,316,217,0.469569
144,105,316,217,0.473896
144,105,316,217,0.479138
144,105,316,217,0.482174
144,105,316,217,0.487782
145,105,317,217,0.493027
145,105,317,217,0.498618
146,104,318,216,0.503105
146,103,318,215,0.510048
146,102,318,214,0.515054
146,101,318,213,0.519787
146,101,318,213,0.531154
147,101,319,213,0.534940
148,102,318,213,0.540366
149,103,319,214,0.546114
150,104,320,215,0.550045
152,104,322,215,0.551884
155,105,325,216,0.551930
157,105,327,216,0.551560
159,105,330,216,0.552460
162,105,333,216,0.551259
167,105,338,216,0.550246
172,104,343,215,0.546672
177,102,348,213,0.539319
181,100,352,211,0.537731
184,97,355,208,0.535777
187,95,358,206,0.541677
192,95,362,206,0.548591
196,95,366,206,0.549237
199,95,368,206,0.550703
200,95,369,206,0.544399
200,95,369,206,0.542574
200,95,369,206,0.543456
200,96,369,207,0.537341
200,98,369,209,0.527571
199,100,367,211,0.536987
198,101,366,212,0.532844
197,103,364,214,0.535295
196,104,362,215,0.540146
195,104,360,214,0.535508
194,102,359,212,0.533151
194,102,359,212,0.530553
195,103,360,213,0.525745
197,105,361,214,0.526049
198,105,362,214,0.526116
199,105,362,214,0.528033
202,105,365,214,0.521735
205,105,368,214,0.519900
207,105,370,214,0.521114
208,106,371,215,0.522810
209,105,372,214,0.517840
211,105,374,214,0.514992
213,106,376,215,0.512654
213,105,376,214,0.510079
212,104,375,213,0.511477
212,104,375,213,0.512284
212,104,375,213,0.510477
212,104,374,213,0.510728
212,104,374,213,0.509896
213,104,375,213,0.505801
215,106,377,215,0.503435
218,108,380,217,0.507254
223,110,385,219,0.508225
228,112,390,221,0.510513
232,114,394,223,0.518282
236,116,398,225,0.522024
240,118,402,227,0.524317
244,119,406,228,0.528147
248,119,410,228,0.532357
251,119,413,228,0.533932
253,119,415,228,0.536441
254,118,416,227,0.534365
254,117,416,226,0.539445
255,116,416,224,0.533728
255,114,416,222,0.532994
255,111,415,219,0.534920
255,108,415,216,0.534909
255,105,415,213,0.532721
255,103,415,211,0.530803
254,103,414,211,0.533722
253,104,413,212,0.535350
253,105,412,213,0.534860
253,106,412,214,0.530491
253,107,412,215,0.529365
253,108,412,216,0.524175
252,108,411,216,0.523871
252,108,411,216,0.517984
252,109,411,217,0.520318
252,109,411,217,0.517844
252,108,411,216,0.512585
254,107,413,215,0.513095
254,106,413,214,0.519331
254,105,413,213,0.519600
254,104,413,212,0.517116
254,103,413,211,0.516423
254,102,413,210,0.519567
255,100,415,208,0.515684
256,98,417,206,0.519974
258,95,419,203,0.521850
258,90,421,199,0.518965
258,87,421,196,0.523145
258,84,422,193,0.521207
257,83,422,192,0.517592
257,82,423,191,0.516535
256,83,423,192,0.516138
255,85,423,195,0.514973
253,87,422,197,0.515801
251,88,421,198,0.512761
248,90,419,200,0.502240
243,94,415,204,0.505118
237,97,410,208,0.507043
232,101,405,212,0.508206
227,104,400,215,0.511986
222,106,396,218,0.511094
218,108,392,220,0.513553
215,109,390,221,0.511670
213,110,388,222,0.509693
211,110,386,222,0.506829
209,110,385,222,0.501454
208,109,384,221,0.497696
208,109,385,221,0.497118
208,110,386,222,0.492918
208,111,387,223,0.494790
208,112,388,225,0.499278
208,114,389,227,0.496921
208,116,390,230,0.497051
209,119,392,234,0.507355
209,121,393,236,0.515834
210,123,395,239,0.527024
212,125,399,242,0.529689
214,127,402,245,0.539878
214,128,403,246,0.542658
211,129,401,248,0.542584
208,129,399,249,0.542746
206,130,397,250,0.541413
203,131,394,251,0.539984
199,131,391,251,0.537270
195,131,387,251,0.536492
194,133,386,253,0.536214
193,135,386,255,0.537440
193,135,386,255,0.536058
193,136,386,256,0.536857
193,137,386,257,0.533910
191,137,384,257,0.534034
189,134,382,254,0.534111
189,131,382,251,0.530996
189,128,382,248,0.527355
189,128,383,248,0.528047
187,128,381,248,0.525113
183,127,378,247,0.522690
179,126,374,246,0.520951
174,125,369,245,0.521218
170,124,366,244,0.521713
169,124,366,244,0.523233
169,125,366,245,0.524818
168,125,365,245,0.524269
166,125,363,245,0.522843
163,126,360,246,0.521815
160,126,357,246,0.521688
157,125,355,245,0.516292
155,125,354,245,0.517613
155,125,354,245,0.518933
156,126,355,246,0.517940
157,127,357,247,0.516925
158,127,358,247,0.515654
158,127,359,247,0.514423
157,127,358,247,0.516124
156,126,357,246,0.510666
155,125,356,245,0.509463
154,125,356,245,0.507173
154,125,356,245,0.504776
154,126,356,246,0.502199
152,127,354,247,0.506504
149,127,351,247,0.507473
147,126,349,246,0.504428
145,125,347,245,0.502556
144,123,346,243,0.501105
144,122,346,242,0.502701
146,121,347,241,0.497794
147,119,348,239,0.498435
147,119,348,239,0.501313
147,119,348,239,0.501191
146,119,347,239,0.505465
145,120,346,240,0.505180
144,121,345,241,0.508078
144,122,345,242,0.506465
144,123,345,243,0.503520
143,124,344,244,0.504414
142,125,343,245,0.505152
142,126,343,246,0.503901
143,127,344,247,0.503236
144,127,345,247,0.500174
144,127,345,247,0.504026
144,127,345,247,0.499282
144,127,345,247,0.497864
144,127,345,247,0.495732
144,127,345,247,0.493612
145,128,346,248,0.491383
146,128,347,248,0.489889
146,128,347,248,0.490165
146,128,347,248,0.489525
145,128,347,248,0.490750
145,128,346,248,0.489488
145,128,346,248,0.487777
146,128,347,248,0.484846
147,128,348,248,0.485368
148,128,349,248,0.485506
149,127,350,247,0.485153
149,126,350,246,0.487178
150,124,351,244,0.483791
151,122,352,242,0.487357
152,120,353,240,0.489816
153,119,353,239,0.489241
153,117,353,237,0.489651
152,114,352,234,0.488790
151,111,351,231,0.491366
151,109,351,229,0.491919
151,107,351,227,0.489934
150,105,349,225,0.489615
149,103,348,223,0.491650
148,102,347,222,0.491906
146,102,345,222,0.494014
145,102,344,222,0.497534
145,103,344,223,0.499670
146,104,344,224,0.500036
146,104,344,224,0.500749
146,105,344,225,0.502617
146,105,344,225,0.505362
146,105,344,225,0.508397
146,105,344,225,0.510045
146,105,344,225,0.510630
146,104,344,224,0.512090
146,104,344,224,0.512264
146,104,344,224,0.513860
146,104,344,224,0.512936
146,103,344,223,0.513846
146,103,344,223,0.515802
146,103,344,223,0.516479
146,103,344,223,0.515425
147,104,345,224,0.516338
148,105,346,225,0.517114
149,106,347,226,0.517444
149,106,347,226,0.515412
150,107,348,227,0.516269
151,107,349,227,0.515643
152,107,350,227,0.515265
153,107,351,227,0.514965
154,108,352,228,0.515897
155,108,353,228,0.515100
156,107,354,227,0.513720
157,107,355,227,0.514860
158,107,356,227,0.516111
159,106,358,226,0.514269
160,107,359,227,0.514619
162,107,361,227,0.513031
165,107,364,227,0.509074
170,108,369,228,0.510742
175,108,374,228,0.508650
181,108,380,228,0.506695
186,108,385,228,0.505475
189,107,388,227,0.506291
191,107,390,227,0.508123
191,107,390,227,0.507036
189,108,388,228,0.507527
188,109,387,229,0.505858
187,109,386,229,0.504200
184,109,383,229,0.502863
182,110,381,230,0.504552
180,111,379,231,0.501229
177,113,376,233,0.500009
173,114,372,234,0.499988
169,115,369,235,0.499799
168,116,367,236,0.501507
168,116,367,236,0.504116
168,116,367,236,0.503982
169,116,368,236,0.503010
170,117,370,237,0.504913
171,119,371,239,0.505823
172,121,372,241,0.509420
173,122,373,242,0.512792
172,122,373,242,0.512040
171,123,372,243,0.510923
171,123,372,243,0.510958
172,123,374,243,0.511117
174,124,377,244,0.507928
177,125,381,245,0.507180
179,127,383,247,0.507329
180,130,384,250,0.507210
180,133,384,253,0.507719
181,136,385,256,0.509563
182,139,387,259,0.507562
184,143,390,263,0.505039
187,147,394,267,0.503967
189,151,397,271,0.502761
190,154,399,274,0.503959
190,156,399,276,0.500600
188,159,398,279,0.500410
184,162,394,282,0.502099
182,162,392,282,0.502269
183,161,392,280,0.502517
184,159,393,278,0.501677
185,159,394,278,0.505117
188,159,397,278,0.506082
190,157,399,276,0.506532
190,155,399,274,0.507500
190,154,399,273,0.508231
190,153,399,272,0.509134
190,153,399,272,0.507488
191,155,401,274,0.507303
195,157,406,276,0.506037
199,158,410,277,0.507165
202,159,413,278,0.507592
204,160,415,279,0.507394
206,160,417,279,0.507477
207,159,418,278,0.508806
207,158,418,277,0.507044
207,158,417,276,0.509393
206,156,415,274,0.509308
205,154,414,272,0.509504
204,152,413,270,0.507911
202,149,411,267,0.507925
199,146,408,264,0.506580
196,144,405,262,0.505618
193,142,402,260,0.505271
190,139,399,257,0.504801
187,136,396,254,0.503779
184,134,391,251,0.506065
179,131,386,248,0.504648
173,129,380,246,0.503241
168,128,375,245,0.504886
166,126,373,243,0.506452
165,125,372,242,0.505134
165,124,372,241,0.504640
167,124,374,241,0.506476
169,123,376,240,0.506444
170,121,377,238,0.505546
170,121,377,238,0.506217
169,120,376,237,0.505558
168,118,375,235,0.503628
167,117,374,234,0.503084
167,116,374,233,0.504238
167,114,374,231,0.504278
166,113,373,230,0.505304
165,112,372,229,0.504647
164,112,371,229,0.504322
163,112,370,229,0.503631
162,112,369,229,0.503260
161,112,368,229,0.502439
160,112,367,229,0.502534
158,112,365,229,0.502673
156,111,363,228,0.500788
155,111,362,228,0.500761
155,111,362,228,0.500590
155,111,362,228,0.498153
156,111,363,228,0.497889
157,111,364,228,0.496374
158,112,365,229,0.495698
159,112,366,229,0.494463
160,112,367,229,0.494243
160,112,367,229,0.493109
160,112,367,229,0.493787
159,112,366,229,0.494586
159,111,366,228,0.495843
158,110,365,227,0.494157
157,109,364,226,0.493923
156,108,363,225,0.494725
154,107,361,224,0.494544
153,106,360,223,0.495849
152,105,359,222,0.495965
151,105,358,222,0.496941
151,105,358,222,0.498341
151,105,358,222,0.497368
150,105,357,222,0.499066
149,105,355,222,0.500039
149,105,355,222,0.501697
149,105,355,222,0.504202
149,106,355,223,0.505443
149,106,356,223,0.504116
149,106,356,223,0.505706
148,106,355,223,0.507168
148,105,355,222,0.507881
147,104,354,221,0.508083
145,103,352,220,0.506902
141,102,349,219,0.507562
137,101,345,218,0.509184
134,100,342,217,0.510964
131,99,339,216,0.511390
129,98,337,215,0.511703
129,98,337,215,0.512864
130,98,338,215,0.514932
131,97,339,214,0.513429
131,97,339,214,0.514006
131,97,339,214,0.513679
131,97,339,214,0.513420
131,97,339,214,0.513144
132,97,340,214,0.513668
134,97,342,214,0.514259
135,96,343,213,0.512146
135,96,344,213,0.512618
135,96,344,213,0.513541
135,96,344,213,0.515927
135,96,344,213,0.517386
135,95,344,212,0.517217
135,95,344,212,0.516988
136,95,345,212,0.516281
137,95,346,212,0.516073
138,95,347,212,0.516099
138,96,347,213,0.514981
138,97,347,214,0.517341
137,97,346,214,0.516033
136,97,345,214,0.515262
136,97,345,214,0.518391
136,97,345,214,0.520832
135,97,344,214,0.519859
134,96,343,213,0.520714
132,95,342,212,0.520997
131,94,341,211,0.522712
130,93,340,210,0.523282
128,92,339,209,0.522356
126,92,338,209,0.522609
125,92,337,209,0.524725
124,92,336,209,0.526339
124,92,336,209,0.527758
124,92,336,209,0.528603
124,92,336,209,0.529398
123,92,335,209,0.528372
122,92,334,209,0.527443
122,92,334,209,0.527012
122,92,334,209,0.528872
121,93,333,210,0.527762
121,94,332,211,0.525781
121,94,332,211,0.524971
122,95,333,212,0.524705
123,96,334,213,0.524335
124,96,335,213,0.523643
124,96,335,213,0.522519
125,97,336,214,0.522941
127,98,338,215,0.521069
128,98,339,215,0.520619
128,98,339,215,0.519461
128,98,339,215,0.519387
127,98,339,215,0.518850
126,99,338,216,0.517002
125,100,337,217,0.516161
124,101,336,218,0.513156
123,102,334,219,0.513395
123,102,334,219,0.513832
125,102,335,219,0.506231
127,101,336,217,0.508654
129,99,338,215,0.507167
132,95,340,210,0.506372
133,91,342,206,0.505713
133,91,342,206,0.506096
133,92,342,207,0.504541
134,92,343,207,0.503891
135,93,344,208,0.505040
136,95,345,210,0.505454
138,97,347,212,0.501611
139,99,348,214,0.499043
140,102,348,217,0.499113
142,104,349,219,0.497121
144,105,351,220,0.495435
146,107,353,222,0.491977
149,108,355,223,0.490562
152,108,358,223,0.488527
155,108,361,223,0.487805
158,110,363,225,0.485724
161,111,365,226,0.483525
163,113,367,228,0.477715
164,115,368,230,0.475984
164,116,368,231,0.477178
164,117,368,232,0.474335
164,118,368,233,0.471823
164,118,368,233,0.469493
164,117,368,232,0.464558
164,116,368,231,0.464078
165,115,369,230,0.461922
166,113,369,228,0.460732
167,112,370,227,0.461116
169,111,371,226,0.460306
171,108,373,223,0.456756
173,104,375,219,0.455940
173,101,375,216,0.464200
173,99,375,214,0.463663
173,97,375,212,0.472789
174,98,376,213,0.472764
174,98,376,213,0.472570
173,96,375,211,0.470092
171,94,374,209,0.473118
170,93,373,208,0.473807
169,91,372,206,0.470920
167,91,371,206,0.471347
167,93,371,208,0.469040
168,94,371,209,0.469191
170,95,372,210,0.465494
171,96,373,211,0.463567
172,98,374,213,0.460695
173,99,375,214,0.459324
174,101,376,216,0.455868
174,104,376,219,0.454968
174,106,376,221,0.455657
174,107,376,222,0.453916
173,111,375,226,0.451494
172,113,374,228,0.455348
171,113,373,228,0.455096
170,114,373,229,0.456379
170,115,373,230,0.460658
171,114,374,229,0.459541
172,112,376,228,0.463318
174,111,379,227,0.463397
175,109,381,225,0.464326
176,108,383,225,0.467341
175,106,382,223,0.463050
173,103,381,221,0.464951
173,103,382,221,0.465268
172,105,382,224,0.466578
173,107,384,226,0.465961
174,109,386,228,0.468464
175,112,388,232,0.470144
176,115,390,235,0.473790
177,117,392,238,0.476763
179,120,395,242,0.477969
181,122,398,245,0.478592
183,123,401,246,0.482389
185,122,404,246,0.485563
186,121,407,246,0.489228
186,120,407,245,0.485824
184,117,406,243,0.482687
182,114,405,240,0.480832
181,110,405,237,0.482369
181,108,407,236,0.483706
181,105,408,234,0.481304
184,104,413,234,0.486305
190,106,418,236,0.485499
194,107,423,238,0.485572
196,111,427,243,0.486072
199,114,431,246,0.489813
200,115,433,248,0.492600
199,116,433,250,0.491387
197,115,432,250,0.490125
195,114,431,250,0.496379
191,115,429,252,0.506305
188,116,428,254,0.512255
187,117,429,256,0.510727
187,118,430,258,0.510783
186,116,431,257,0.513611
185,114,432,256,0.515002
182,113,429,255,0.520288
176,111,426,255,0.521045
173,111,424,256,0.523163
171,111,422,256,0.526391
168,109,420,255,0.528694
168,108,421,254,0.528085
169,106,422,252,0.529631
169,103,422,249,0.530336
165,101,419,248,0.530648
163,100,416,247,0.531692
160,96,413,243,0.533712
155,91,409,238,0.533261
152,87,407,235,0.532375
153,85,408,233,0.531700
154,83,410,232,0.530919
154,83,412,233,0.530235
154,85,413,235,0.530571
155,84,415,235,0.530602
157,84,420,237,0.531552
159,85,423,238,0.531022
158,83,423,237,0.533015
155,81,421,236,0.532902
150,80,417,236,0.534336
145,77,413,234,0.536550
140,75,411,234,0.537001
140,75,412,235,0.538703
142,74,416,235,0.537584
143,76,419,238,0.537494
144,79,422,242,0.536000
147,80,426,244,0.534877
149,79,430,244,0.534116
149,78,431,244,0.533751
148,75,431,242,0.533850
147,71,432,239,0.532327
147,69,432,237,0.531751
147,65,432,233,0.530366
147,62,432,230,0.528716
147,59,432,227,0.526209
147,56,432,224,0.521285
147,55,432,223,0.517292
146,56,431,224,0.514166
145,60,430,228,0.509318
145,65,431,233,0.506637
147,70,433,238,0.506587
148,73,435,242,0.504962
147,74,434,243,0.507540
145,74,433,244,0.504459
144,73,433,244,0.502994
144,71,434,243,0.501476
143,69,434,242,0.502733
143,67,435,241,0.498889
142,65,435,239,0.495987
140,63,434,238,0.493870
138,61,432,236,0.488550
136,57,431,232,0.487923
135,53,431,228,0.489026
135,51,431,226,0.489873
134,49,431,225,0.489058
132,49,430,226,0.486849
129,50,429,228,0.481660
125,51,427,230,0.483352
122,53,425,233,0.482169
118,52,423,233,0.482229
113,51,420,233,0.486908
109,52,418,235,0.484671
105,54,415,238,0.482163
104,54,414,238,0.482125
104,54,415,238,0.484470
106,54,417,238,0.480374
106,54,418,238,0.482721
107,53,419,237,0.479248
107,49,420,233,0.478834
107,46,420,230,0.479372
107,44,420,228,0.478936
107,42,420,226,0.477524
108,41,421,225,0.474309
108,40,421,224,0.474871
107,40,420,224,0.472048
105,41,417,225,0.474703
105,41,416,225,0.475530
106,43,416,226,0.475177
109,46,417,228,0.472606
112,49,417,229,0.474903
114,49,417,228,0.476036
114,49,415,227,0.470900
112,46,411,223,0.468619
109,42,407,218,0.468693
109,39,405,214,0.469893
112,38,406,212,0.476461
118,37,408,209,0.473352
124,33,413,204,0.475178
132,35,416,203,0.474171
139,35,418,200,0.473912
146,32,423,196,0.483067
155,34,427,195,0.491231
162,36,429,194,0.497568
167,34,430,190,0.500161
170,33,430,187,0.508977
172,34,428,185,0.512269
174,32,426,181,0.507832
175,30,424,177,0.509774
178,29,424,174,0.513088
180,27,423,170,0.508966
181,23,421,164,0.500767
179,17,417,157,0.499672
178,15,413,153,0.503580
178,16,410,152,0.501552
178,14,408,149,0.505632
178,16,406,150,0.506433
179,21,404,153,0.507015
181,25,403,155,0.509226
183,30,402,159,0.501955
185,39,402,167,0.491782
186,49,400,175,0.500437
185,55,397,180,0.503148
185,61,395,185,0.500497
186,66,394,189,0.508493
187,68,393,190,0.509872
188,70,393,191,0.507403
189,73,392,193,0.509486
189,74,391,194,0.516129
190,75,391,194,0.511184
192,77,391,195,0.509360
194,78,392,195,0.502976
195,78,392,194,0.497381
196,78,392,193,0.490643
196,78,391,192,0.484243
197,78,391,191,0.482441
197,78,390,190,0.477488
197,77,389,188,0.467714
197,75,388,185,0.459266
197,72,387,182,0.466433
197,69,386,179,0.469933
194,66,384,176,0.466327
193,64,382,173,0.461545
192,62,381,171,0.463087
192,61,381,170,0.465680
192,59,381,168,0.453909
190,55,379,164,0.455052
190,53,379,162,0.463511
190,52,379,161,0.461631
189,51,378,160,0.462725
188,49,377,158,0.458920
188,47,377,156,0.465589
188,47,377,156,0.474385
187,48,376,157,0.484224
186,48,375,157,0.486341
183,51,372,160,0.486204
181,56,369,164,0.488671
182,61,369,169,0.492238
182,64,369,172,0.494324
182,68,369,176,0.492479
183,73,370,181,0.491784
184,77,371,185,0.493690
185,80,372,188,0.492934
186,84,373,192,0.491695
187,88,374,196,0.492215
186,91,373,199,0.492173
185,94,372,202,0.492117
183,97,370,205,0.493512
182,98,369,206,0.493876
180,100,367,208,0.493820
179,101,366,209,0.495143
178,102,365,210,0.495478
177,104,364,212,0.493546
176,108,363,216,0.492129
176,110,363,218,0.498195
175,109,362,217,0.499292
173,108,360,216,0.500294
172,107,359,215,0.500800
172,105,359,213,0.500793
173,103,360,211,0.502021
174,102,361,210,0.500870
175,100,362,208,0.500768
175,99,362,207,0.501832
174,97,361,205,0.501305
172,96,360,204,0.501105
171,98,359,206,0.501680
169,101,357,209,0.501910
167,104,355,212,0.503657
165,107,353,215,0.500937
163,111,351,219,0.503879
162,111,350,219,0.505617
162,109,350,217,0.504093
163,108,351,216,0.504303
164,107,352,215,0.503985
164,105,352,213,0.503628
163,104,352,212,0.504032
163,105,352,213,0.502629
163,105,352,213,0.503453
164,103,353,211,0.501956
166,102,355,210,0.498624
169,104,358,212,0.496366
171,104,359,211,0.494880
174,102,362,209,0.494869
182,106,369,212,0.489254
187,106,373,211,0.489181
192,105,378,210,0.488652
195,103,381,208,0.489291
197,100,383,205,0.486470
198,97,384,202,0.484428
198,96,384,201,0.482752
196,96,382,201,0.480620
194,95,380,200,0.476571
190,95,376,200,0.472620
184,96,372,202,0.470913
178,99,366,205,0.467232
172,102,361,208,0.463025
165,108,355,214,0.461441
159,117,349,223,0.462088
154,123,344,229,0.462077
152,130,343,237,0.464925
152,136,343,243,0.467523
150,136,341,243,0.466964
148,136,340,244,0.470458
146,138,338,246,0.472095
143,137,335,245,0.471162
142,137,335,246,0.472844
144,138,337,247,0.473199
146,138,339,247,0.473698
146,136,340,246,0.475914
147,136,341,246,0.475757
149,135,343,245,0.478527
149,132,344,242,0.483223
149,130,344,240,0.482196
150,126,345,236,0.482816
151,121,347,232,0.482720
155,117,350,228,0.483217
158,110,353,221,0.482858
161,104,355,215,0.482204
165,97,359,208,0.482531
168,89,363,200,0.482394
171,83,367,194,0.483387
175,79,371,190,0.482955
179,76,375,187,0.481123
182,73,377,184,0.480783
184,70,379,181,0.479729
186,70,381,181,0.478721
186,69,380,180,0.477833
183,67,378,179,0.477642
181,69,376,181,0.476165
178,70,372,182,0.476014
174,70,368,182,0.475263
170,71,364,183,0.475779
164,72,358,184,0.478880
157,72,352,184,0.480806
150,71,345,183,0.484870
143,69,338,181,0.486196
137,67,332,179,0.487181
133,66,329,178,0.484148
131,67,327,179,0.483339
130,69,326,181,0.482853
131,74,327,186,0.483553
133,78,329,190,0.482564
135,80,331,192,0.482467
138,82,334,194,0.481089
142,83,338,195,0.479347
146,83,342,195,0.478726
151,83,346,195,0.479317
156,82,351,194,0.478258
160,82,355,194,0.478158
164,82,359,194,0.477777
168,80,363,192,0.475020
170,79,365,191,0.473525
171,79,366,191,0.470806
172,79,367,191,0.470209
173,77,369,189,0.465522
174,77,370,189,0.465190
175,76,371,188,0.463757
177,75,373,187,0.461869
179,75,376,188,0.458924
181,79,379,192,0.457139
184,83,382,196,0.458514
188,87,387,200,0.455083
192,91,391,204,0.454359
194,93,393,206,0.455452
194,93,393,206,0.456513
194,92,393,205,0.454817
193,91,392,204,0.454037
192,90,391,203,0.451695
191,88,390,201,0.452014
190,86,389,199,0.450387
188,83,387,196,0.450310
187,80,387,194,0.449506
187,79,387,193,0.448611
187,78,387,192,0.448758
187,79,387,193,0.447955
188,81,388,195,0.444595
188,82,388,196,0.445086
188,84,388,198,0.445964
189,88,389,202,0.446043
191,91,391,205,0.446544
193,93,393,207,0.445555
193,95,393,209,0.446076
192,98,392,212,0.444397
191,99,391,213,0.443966
189,100,389,214,0.444175
187,100,387,214,0.441676
185,98,385,212,0.442782
183,98,383,212,0.441586
181,98,381,212,0.441397
179,98,379,212,0.442612
178,98,379,213,0.439369
178,98,379,213,0.438252
178,98,379,213,0.439663
179,98,380,213,0.440374
179,97,381,213,0.441085
179,96,381,212,0.442868
179,92,381,208,0.442459
179,87,382,203,0.440339
179,82,383,199,0.440728
179,77,383,194,0.439440
178,72,382,189,0.439261
177,68,381,185,0.438779
177,65,381,182,0.439524
178,63,382,180,0.438378
178,62,382,179,0.438184
178,62,382,179,0.439488
178,62,382,179,0.440429
177,62,381,179,0.439862
175,62,378,178,0.438144
174,62,376,177,0.439796
173,61,375,176,0.441564
173,60,375,175,0.442615
173,60,375,175,0.442172
172,60,373,175,0.445536
171,60,372,175,0.446270
170,61,371,176,0.448436
169,62,370,177,0.451221
169,62,370,177,0.451332
170,63,370,177,0.451790
171,64,371,178,0.452063
171,65,370,179,0.454116
171,65,370,179,0.455109
170,65,369,179,0.455842
167,66,365,180,0.464244
165,66,363,180,0.465886
164,66,361,180,0.469086
163,65,360,179,0.468418
161,66,357,180,0.472779
158,65,354,179,0.475656
155,63,351,177,0.478594
153,61,349,175,0.481911
153,58,349,172,0.482738
155,56,351,170,0.480284
158,55,354,169,0.477228
161,53,357,167,0.478001
163,51,359,165,0.480301
164,49,360,163,0.481967
164,48,360,162,0.481039
163,47,359,161,0.481136
162,46,358,160,0.482045
161,45,357,159,0.481842
159,44,355,158,0.482494
156,44,352,158,0.480428
152,44,348,158,0.481351
148,44,344,158,0.483961
144,46,340,160,0.484511
141,47,336,161,0.483924
138,47,333,161,0.484632
136,47,331,161,0.483738
136,47,330,160,0.486454
136,47,330,160,0.491346
136,48,330,161,0.491327
136,48,330,161,0.496610
136,50,330,163,0.498330
136,52,330,165,0.498720
136,53,330,166,0.499781
136,54,330,167,0.504129
135,56,329,169,0.504252
134,57,328,170,0.502506
134,56,328,169,0.502612
134,56,329,170,0.499940
134,56,329,170,0.498409
133,55,328,169,0.497680
130,55,326,170,0.496075
126,56,324,172,0.494354
123,57,321,173,0.493564
121,58,320,174,0.494729
119,60,318,176,0.495414
118,62,318,179,0.497605
117,65,317,182,0.497169
117,67,318,185,0.499840
118,69,319,187,0.499271
NaN,NaN,NaN,NaN,NaN
NaN,NaN,NaN,NaN,NaN
NaN,NaN,NaN,NaN,NaN
NaN,NaN,NaN,NaN,NaN
NaN,NaN,NaN,NaN,NaN
NaN,NaN,NaN,NaN,NaN
NaN,NaN,NaN,NaN,NaN
NaN,NaN,NaN,NaN,NaN
NaN,NaN,NaN,NaN,NaN
NaN,NaN,NaN,NaN,NaN
NaN,NaN,NaN,NaN,NaN
NaN,NaN,NaN,NaN,NaN
NaN,NaN,NaN,NaN,NaN
NaN,NaN,NaN,NaN,NaN
NaN,NaN,NaN,NaN,NaN
NaN,NaN,NaN,NaN,NaN
NaN,NaN,NaN,NaN,NaN
NaN,NaN,NaN,NaN,NaN
NaN,NaN,NaN,NaN,NaN
NaN,NaN,NaN,NaN,NaN
NaN,NaN,NaN,NaN,NaN
NaN,NaN,NaN,NaN,NaN
NaN,NaN,NaN,NaN,NaN
NaN,NaN,NaN,NaN,NaN
NaN,NaN,NaN,NaN,NaN
NaN,NaN,NaN,NaN,NaN
NaN,NaN,NaN,NaN,NaN
NaN,NaN,NaN,NaN,NaN
NaN,NaN,NaN,NaN,NaN
NaN,NaN,NaN,NaN,NaN
NaN,NaN,NaN,NaN,NaN
NaN,NaN,NaN,NaN,NaN
NaN,NaN,NaN,NaN,NaN
NaN,NaN,NaN,NaN,NaN
NaN,NaN,NaN,NaN,NaN
NaN,NaN,NaN,NaN,NaN
NaN,NaN,NaN,NaN,NaN
NaN,NaN,NaN,NaN,NaN
NaN,NaN,NaN,NaN,NaN
NaN,NaN,NaN,NaN,NaN
NaN,NaN,NaN,NaN,NaN
NaN,NaN,NaN,NaN,NaN
NaN,NaN,NaN,NaN,NaN
NaN,NaN,NaN,NaN,NaN
NaN,NaN,NaN,NaN,NaN
NaN,NaN,NaN,NaN,NaN
NaN,NaN,NaN,NaN,NaN
NaN,NaN,NaN,NaN,NaN
NaN,NaN,NaN,NaN,NaN
NaN,NaN,NaN,NaN,NaN
NaN,NaN,NaN,NaN,NaN
NaN,NaN,NaN,NaN,NaN
NaN,NaN,NaN,NaN,NaN
NaN,NaN,NaN,NaN,NaN
NaN,NaN,NaN,NaN,NaN
NaN,NaN,NaN,NaN,NaN
NaN,NaN,NaN,NaN,NaN
NaN,NaN,NaN,NaN,NaN
NaN,NaN,NaN,NaN,NaN
NaN,NaN,NaN,NaN,NaN
NaN,NaN,NaN,NaN,NaN
NaN,NaN,NaN,NaN,NaN
NaN,NaN,NaN,NaN,NaN
NaN,NaN,NaN,NaN,NaN
NaN,NaN,NaN,NaN,NaN
NaN,NaN,NaN,NaN,NaN
NaN,NaN,NaN,NaN,NaN
NaN,NaN,NaN,NaN,NaN
NaN,NaN,NaN,NaN,NaN
NaN,NaN,NaN,NaN,NaN
NaN,NaN,NaN,NaN,NaN
NaN,NaN,NaN,NaN,NaN
NaN,NaN,NaN,NaN,NaN
NaN,NaN,NaN,NaN,NaN
NaN,NaN,NaN,NaN,NaN
NaN,NaN,NaN,NaN,NaN
NaN,NaN,NaN,NaN,NaN
NaN,NaN,NaN,NaN,NaN
NaN,NaN,NaN,NaN,NaN
NaN,NaN,NaN,NaN,NaN
NaN,NaN,NaN,NaN,NaN
NaN,NaN,NaN,NaN,NaN
NaN,NaN,NaN,NaN,NaN
NaN,NaN,NaN,NaN,NaN
NaN,NaN,NaN,NaN,NaN
NaN,NaN,NaN,NaN,NaN
NaN,NaN,NaN,NaN,NaN
NaN,NaN,NaN,NaN,NaN
NaN,NaN,NaN,NaN,NaN
NaN,NaN,NaN,NaN,NaN
NaN,NaN,NaN,NaN,NaN
NaN,NaN,NaN,NaN,NaN
NaN,NaN,NaN,NaN,NaN
NaN,NaN,NaN,NaN,NaN
NaN,NaN,NaN,NaN,NaN
NaN,NaN,NaN,NaN,NaN
NaN,NaN,NaN,NaN,NaN
NaN,NaN,NaN,NaN,NaN
NaN,NaN,NaN,NaN,NaN
NaN,NaN,NaN,NaN,NaN
NaN,NaN,NaN,NaN,NaN
NaN,NaN,NaN,NaN,NaN
NaN,NaN,NaN,NaN,NaN
NaN,NaN,NaN,NaN,NaN
NaN,NaN,NaN,NaN,NaN
NaN,NaN,NaN,NaN,NaN
NaN,NaN,NaN,NaN,NaN
NaN,NaN,NaN,NaN,NaN
NaN,NaN,NaN,NaN,NaN
NaN,NaN,NaN,NaN,NaN
NaN,NaN,NaN,NaN,NaN
NaN,NaN,NaN,NaN,NaN
NaN,NaN,NaN,NaN,NaN
NaN,NaN,NaN,NaN,NaN
NaN,NaN,NaN,NaN,NaN
NaN,NaN,NaN,NaN,NaN
NaN,NaN,NaN,NaN,NaN
NaN,NaN,NaN,NaN,NaN
NaN,NaN,NaN,NaN,NaN
NaN,NaN,NaN,NaN,NaN
NaN,NaN,NaN,NaN,NaN
NaN,NaN,NaN,NaN,NaN
NaN,NaN,NaN,NaN,NaN
NaN,NaN,NaN,NaN,NaN
NaN,NaN,NaN,NaN,NaN
NaN,NaN,NaN,NaN,NaN
NaN,NaN,NaN,NaN,NaN
NaN,NaN,NaN,NaN,NaN
NaN,NaN,NaN,NaN,NaN
NaN,NaN,NaN,NaN,NaN
NaN,NaN,NaN,NaN,NaN
NaN,NaN,NaN,NaN,NaN
NaN,NaN,NaN,NaN,NaN
NaN,NaN,NaN,NaN,NaN
NaN,NaN,NaN,NaN,NaN
NaN,NaN,NaN,NaN,NaN
NaN,NaN,NaN,NaN,NaN
NaN,NaN,NaN,NaN,NaN
NaN,NaN,NaN,NaN,NaN
NaN,NaN,NaN,NaN,NaN
NaN,NaN,NaN,NaN,NaN
NaN,NaN,NaN,NaN,NaN
NaN,NaN,NaN,NaN,NaN
NaN,NaN,NaN,NaN,NaN
NaN,NaN,NaN,NaN,NaN
NaN,NaN,NaN,NaN,NaN
NaN,NaN,NaN,NaN,NaN
NaN,NaN,NaN,NaN,NaN
NaN,NaN,NaN,NaN,NaN
NaN,NaN,NaN,NaN,NaN
NaN,NaN,NaN,NaN,NaN
NaN,NaN,NaN,NaN,NaN
NaN,NaN,NaN,NaN,NaN
NaN,NaN,NaN,NaN,NaN
NaN,NaN,NaN,NaN,NaN
NaN,NaN,NaN,NaN,NaN
NaN,NaN,NaN,NaN,NaN
NaN,NaN,NaN,NaN,NaN
NaN,NaN,NaN,NaN,NaN
NaN,NaN,NaN,NaN,NaN
NaN,NaN,NaN,NaN,NaN
NaN,NaN,NaN,NaN,NaN
NaN,NaN,NaN,NaN,NaN
NaN,NaN,NaN,NaN,NaN
NaN,NaN,NaN,NaN,NaN
NaN,NaN,NaN,NaN,NaN
NaN,NaN,NaN,NaN,NaN
NaN,NaN,NaN,NaN,NaN
NaN,NaN,NaN,NaN,NaN
NaN,NaN,NaN,NaN,NaN
NaN,NaN,NaN,NaN,NaN
NaN,NaN,NaN,NaN,NaN
NaN,NaN,NaN,NaN,NaN
NaN,NaN,NaN,NaN,NaN
91,136,315,282,0.555737
82,130,305,275,0.557607
74,125,297,270,0.574045
70,116,293,261,0.584050
70,109,293,254,0.594204
71,103,293,247,0.592395
71,98,293,242,0.599874
72,95,294,239,0.603130
71,93,293,237,0.604614
69,89,291,233,0.601513
70,85,294,230,0.596682
75,84,298,228,0.591996
83,85,306,229,0.583457
90,89,313,233,0.607792
95,94,318,238,0.613847
97,100,320,244,0.620342
101,105,323,249,0.624437
106,111,327,254,0.613164
109,113,328,255,0.595777
110,114,329,255,0.587051
109,111,328,252,0.575199
106,108,325,249,0.560310
106,104,325,245,0.566289
106,100,326,242,0.581070
108,97,327,239,0.593411
107,96,327,238,0.620231
109,94,329,237,0.628376
114,92,333,235,0.619306
117,88,335,231,0.614157
116,85,334,229,0.616674
116,81,334,225,0.617242
116,79,335,223,0.611120
116,77,335,221,0.610895
116,74,335,218,0.609389
116,71,335,215,0.605458
113,69,332,213,0.601793
110,66,329,210,0.604284
108,62,328,206,0.600897
109,63,329,207,0.594743
110,64,329,208,0.592868
110,66,330,210,0.589915
109,68,330,212,0.595151
108,69,328,213,0.596416
107,71,327,215,0.587106
105,73,325,217,0.588712
104,73,323,217,0.586614
102,72,321,216,0.585644
98,70,317,214,0.585028
94,70,313,214,0.586296
90,69,309,213,0.588571
88,69,307,213,0.587349
90,70,308,214,0.584189
94,71,311,215,0.582683
97,71,313,214,0.577650
102,70,317,212,0.578420
106,70,320,211,0.580999
107,70,322,211,0.587096
109,69,323,209,0.590994
111,70,325,210,0.592849
116,71,329,211,0.596353
119,68,333,208,0.600922
123,66,336,205,0.597092
124,65,339,206,0.600515
125,64,341,205,0.599102
127,63,343,204,0.594712
129,63,345,205,0.599085
130,64,346,205,0.598679
131,64,346,204,0.594507
131,64,346,204,0.596097
130,64,346,205,0.593131
130,66,346,207,0.590020
133,68,346,207,0.591158
134,71,348,211,0.590816
136,75,349,215,0.588535
139,78,351,217,0.587775
141,80,353,219,0.589282
145,83,355,221,0.586901
146,85,358,224,0.596662
148,87,358,225,0.595841
149,87,360,226,0.606800
151,86,362,226,0.605763
154,84,362,222,0.608442
157,81,363,218,0.606066
159,79,365,216,0.599820
162,80,366,216,0.600642
164,78,367,213,0.603332
163,75,368,211,0.609276
163,72,369,208,0.608304
165,71,369,206,0.609644
166,70,368,204,0.609225
164,67,368,202,0.605687
163,66,369,202,0.609474
164,68,368,203,0.614137
163,69,367,204,0.612006
163,69,367,204,0.611671
164,69,366,203,0.610654
162,69,366,204,0.605305
166,70,368,204,0.603805
169,71,370,204,0.600729
171,71,371,203,0.599404
173,71,372,202,0.596244
175,70,373,200,0.594431
176,69,374,199,0.590828
175,67,375,198,0.591288
177,66,377,197,0.591403
178,65,380,197,0.592099
179,64,381,196,0.594430
179,63,381,195,0.594419
180,63,381,194,0.595323
180,63,381,194,0.595584
179,63,380,194,0.596784
176,61,378,193,0.598956
175,60,376,192,0.600486
175,60,374,190,0.603679
173,60,372,190,0.605998
171,59,372,190,0.607290
170,59,372,191,0.608886
171,60,372,192,0.612649
172,61,373,193,0.611309
173,62,374,194,0.610084
173,62,373,193,0.609692
174,62,373,192,0.603944
175,62,373,191,0.600897
176,62,373,190,0.597758
176,62,372,189,0.595134
176,62,371,189,0.593934
175,61,372,189,0.596281
174,60,372,189,0.595182
174,59,373,189,0.596848
174,58,374,189,0.598157
175,57,376,189,0.595799
175,56,377,188,0.594829
176,56,377,187,0.594233
176,56,376,186,0.593167
176,56,375,185,0.594364
174,55,374,185,0.593181
173,55,374,186,0.597711
172,55,374,187,0.600798
173,56,374,187,0.605067
172,56,374,188,0.602543
171,56,374,188,0.605550
171,56,374,188,0.607196
